[[[255  87  51]
  [245  77  41]
  [220  54  25]
  ...
  [249 199  57]
  [249 199  57]
  [250 200  58]]

 [[254  86  50]
  [247  79  43]
  [228  62  33]
  ...
  [249 199  57]
  [249 199  57]
  [250 200  58]]

 [[249  85  49]
  [245  81  45]
  [249  76  48]
  ...
  [249 199  57]
  [249 199  57]
  [250 200  58]]

 ...

 [[ 53  59  81]
  [ 51  57  79]
  [ 38  44  66]
  ...
  [ 18  30  29]
  [ 19  31  30]
  [ 19  31  30]]

 [[ 45  51  73]
  [ 46  52  74]
  [ 45  51  73]
  ...
  [ 18  30  29]
  [ 19  31  30]
  [ 19  31  30]]

 [[ 30  36  58]
  [ 37  43  65]
  [ 46  52  74]
  ...
  [ 18  30  29]
  [ 19  31  30]
  [ 19  31  30]]]