0 0.02421875 0.63359375 0.0484375 0.01953125
0 0.040625 0.5734375 0.05546875 0.01484375
0 0.0546875 0.49765625 0.06015625 0.0234375
0 0.07421875 0.709375 0.0890625 0.0171875
0 0.4984375 0.29921875 0.91796875 0.484375
0 0.14453125 0.6546875 0.06875 0.0234375
0 0.2375 0.48828125 0.0703125 0.00859375
0 0.2328125 0.7734375 0.03828125 0.09453125
0 0.3296875 0.6828125 0.06171875 0.015625
0 0.36796875 0.578125 0.06171875 0.0171875
0 0.3671875 0.7703125 0.05546875 0.0765625
0 0.5125 0.77421875 0.08515625 0.0171875
0 0.5015625 0.825 0.06015625 0.015625
0 0.52265625 0.8625 0.05625 0.015625
0 0.6046875 0.7890625 0.0703125 0.0359375
0 0.775 0.69296875 0.07890625 0.02265625
0 0.81171875 0.1296875 0.1046875 0.0390625
0 0.878125 0.796875 0.09609375 0.0265625
0 0.896875 0.20390625 0.10078125 0.0140625
0 0.94375 0.71015625 0.05078125 0.02578125
0 0.95859375 0.1625 0.08125 0.01171875
0 0.94453125 0.5265625 0.0453125 0.0171875
0 0.9609375 0.634375 0.04453125 0.0140625
0 0.965625 0.5921875 0.0453125 0.01875
0 0.975 0.759375 0.04921875 0.015625
0 0.9859375 0.56328125 0.02578125 0.0078125
0 0.9921875 0.7046875 0.01328125 0.0140625