0 0.0828125 0.56328125 0.165625 0.1578125
0 0.22890625 0.68046875 0.196875 0.065625
0 0.2609375 0.2734375 0.13671875 0.0984375
0 0.325 0.603125 0.18125 0.08359375
0 0.35390625 0.39296875 0.1796875 0.11953125
0 0.46640625 0.47890625 0.20078125 0.16875
0 0.540625 0.29140625 0.33828125 0.29140625
0 0.53671875 0.753125 0.228125 0.3765625
0 0.52734375 0.040625 0.16015625 0.08125
0 0.58984375 0.7390625 0.21328125 0.08984375
0 0.56796875 0.1453125 0.13828125 0.159375
0 0.6734375 0.2234375 0.13515625 0.10703125
0 0.72890625 0.646875 0.1390625 0.11875
0 0.71640625 0.05234375 0.07578125 0.1046875
0 0.93125 0.4765625 0.11796875 0.0859375
0 0.94765625 0.5265625 0.103125 0.1734375