0 0.04140625 0.06875 0.0828125 0.03203125
0 0.0890625 0.60546875 0.178125 0.0890625
0 0.1078125 0.66328125 0.215625 0.07265625
0 0.12734375 0.028125 0.18046875 0.05
0 0.16953125 0.11015625 0.228125 0.06328125
0 0.09453125 0.05390625 0.06796875 0.0171875
0 0.13671875 0.43046875 0.1109375 0.02265625
0 0.5265625 0.31796875 0.72734375 0.5421875
0 0.271875 0.81484375 0.1359375 0.0859375
0 0.2609375 0.5 0.090625 0.01796875
0 0.35 0.06875 0.1703125 0.02734375
0 0.340625 0.57265625 0.1109375 0.02578125
0 0.42890625 0.80625 0.12109375 0.0578125
0 0.7359375 0.70234375 0.4171875 0.18515625
0 0.6703125 0.09140625 0.03046875 0.04609375