0 0.64765625 0.16796875 0.11640625 0.0984375
0 0.04296875 0.15078125 0.028125 0.05546875
0 0.06953125 0.18671875 0.0328125 0.04765625
0 0.08984375 0.3203125 0.028125 0.03125
0 0.1859375 0.084375 0.028125 0.02578125
0 0.34453125 0.5140625 0.04609375 0.0515625
0 0.48515625 0.13671875 0.0515625 0.05546875
0 0.47578125 0.94140625 0.0296875 0.0265625
0 0.49609375 0.54765625 0.01796875 0.03046875
0 0.54296875 0.25390625 0.0140625 0.0203125
0 0.55546875 0.3265625 0.01796875 0.02421875
0 0.57109375 0.45078125 0.01328125 0.021875
0 0.64296875 0.2515625 0.0421875 0.02578125
0 0.6390625 0.5390625 0.02109375 0.02421875
0 0.71171875 0.40625 0.01953125 0.02734375
0 0.7234375 0.64375 0.03984375 0.03125
0 0.7296875 0.44609375 0.025 0.03203125
0 0.75625 0.34921875 0.025 0.02421875
0 0.753125 0.459375 0.009375 0.03984375
0 0.7671875 0.91796875 0.02734375 0.02265625
0 0.7859375 0.253125 0.02578125 0.0453125
0 0.89921875 0.59921875 0.0171875 0.01875
0 0.92265625 0.0515625 0.059375 0.040625
0 0.940625 0.48515625 0.034375 0.04296875
0 0.9609375 0.434375 0.0140625 0.02734375