0 0.00703125 0.2890625 0.0140625 0.03125
0 0.00703125 0.421875 0.0140625 0.040625
0 0.0109375 0.0859375 0.021875 0.12734375
0 0.0109375 0.20703125 0.021875 0.071875
0 0.0296875 0.359375 0.059375 0.084375
0 0.03359375 0.9546875 0.0671875 0.0875
0 0.01796875 0.26484375 0.03203125 0.0984375
0 0.034375 0.5546875 0.05 0.05625
0 0.04609375 0.1375 0.0359375 0.08671875
0 0.0546875 0.15 0.05234375 0.1046875
0 0.0921875 0.31015625 0.11875 0.21328125
0 0.06875 0.5640625 0.05 0.115625
0 0.10078125 0.19140625 0.06171875 0.05546875
0 0.1171875 0.059375 0.05625 0.0921875
0 0.13125 0.25390625 0.065625 0.03125
0 0.16328125 0.64453125 0.1265625 0.1671875
0 0.15 0.5421875 0.0796875 0.05
0 0.16328125 0.475 0.06875 0.071875
0 0.16953125 0.9453125 0.07578125 0.1078125
0 0.14765625 0.221875 0.03046875 0.08125
0 0.16953125 0.459375 0.06875 0.05546875
0 0.171875 0.1421875 0.0515625 0.0734375
0 0.17890625 0.53203125 0.065625 0.059375
0 0.16640625 0.24296875 0.03515625 0.07890625
0 0.1703125 0.11640625 0.0390625 0.06640625
0 0.1765625 0.32109375 0.0421875 0.075
0 0.203125 0.075 0.07421875 0.03125
0 0.21015625 0.45078125 0.08671875 0.0421875
0 0.19375 0.5765625 0.04375 0.05
0 0.19453125 0.2125 0.0453125 0.0734375
0 0.1984375 0.12734375 0.04765625 0.01484375
0 0.1984375 0.45078125 0.04140625 0.05390625
0 0.20625 0.3921875 0.05 0.059375
0 0.2078125 0.5265625 0.04765625 0.04765625
0 0.203125 0.34921875 0.0296875 0.06328125
0 0.22578125 0.59765625 0.07421875 0.046875
0 0.2296875 0.37265625 0.04296875 0.03671875
0 0.23125 0.1734375 0.04453125 0.0203125
0 0.240625 0.4921875 0.0625 0.0328125
0 0.23203125 0.55390625 0.040625 0.02421875
0 0.234375 0.25703125 0.034375 0.06953125
0 0.2609375 0.090625 0.08046875 0.05078125
0 0.26015625 0.96328125 0.0703125 0.071875
0 0.25859375 0.5328125 0.0578125 0.03515625
0 0.25390625 0.45390625 0.0453125 0.0515625
0 0.265625 0.6515625 0.06640625 0.03515625
0 0.2484375 0.4046875 0.0296875 0.0265625
0 0.278125 0.26484375 0.08203125 0.0125
0 0.25390625 0.5640625 0.03046875 0.0328125
0 0.2765625 0.221875 0.0734375 0.0328125
0 0.26484375 0.3953125 0.0421875 0.05859375
0 0.27734375 0.23828125 0.06171875 0.02890625
0 0.278125 0.70234375 0.0640625 0.02890625
0 0.2703125 0.84375 0.04609375 0.096875
0 0.28125 0.1953125 0.065625 0.0421875
0 0.284375 0.07109375 0.071875 0.03828125
0 0.2875 0.1484375 0.071875 0.03515625
0 0.275 0.56796875 0.034375 0.03671875
0 0.2875 0.3484375 0.05859375 0.0421875
0 0.296875 0.61796875 0.0703125 0.0328125
0 0.28125 0.35625 0.03671875 0.06953125
0 0.290625 0.48359375 0.05 0.05859375
0 0.3015625 0.42109375 0.0578125 0.04765625
0 0.309375 0.5640625 0.0484375 0.0421875
0 0.30859375 0.4953125 0.04453125 0.05
0 0.32578125 0.78125 0.06953125 0.04765625
0 0.321875 0.55 0.0484375 0.0421875
0 0.33125 0.20234375 0.065625 0.06015625
0 0.340625 0.72578125 0.0703125 0.04453125
0 0.34296875 0.19140625 0.0703125 0.04609375
0 0.33203125 0.4875 0.03828125 0.06015625
0 0.35 0.38046875 0.06640625 0.03671875
0 0.3484375 0.18515625 0.05625 0.0515625
0 0.3421875 0.4921875 0.03984375 0.04609375
0 0.3484375 0.55078125 0.0515625 0.02890625
0 0.3828125 0.2640625 0.1171875 0.06640625
0 0.3515625 0.64921875 0.05 0.03671875
0 0.340625 0.48046875 0.02578125 0.02265625
0 0.3546875 0.76796875 0.05 0.07890625
0 0.35390625 0.6125 0.03828125 0.021875
0 0.36953125 0.45390625 0.05859375 0.02734375
0 0.371875 0.57421875 0.04609375 0.0328125
0 0.3703125 0.496875 0.04140625 0.03671875
0 0.371875 0.47421875 0.0390625 0.03515625
0 0.384375 0.7 0.0546875 0.06796875
0 0.3859375 0.6046875 0.05390625 0.02578125
0 0.3984375 0.19765625 0.05234375 0.0421875
0 0.3984375 0.646875 0.05 0.040625
0 0.40078125 0.52421875 0.0421875 0.0171875
0 0.40546875 0.575 0.05234375 0.02578125
0 0.409375 0.503125 0.0484375 0.02890625
0 0.41875 0.3046875 0.0546875 0.021875
0 0.415625 0.59375 0.03828125 0.0265625
0 0.425 0.4203125 0.05234375 0.03515625
0 0.4265625 0.48359375 0.0546875 0.04921875
0 0.4265625 0.3796875 0.0484375 0.04453125
0 0.4375 0.84296875 0.0546875 0.05078125
0 0.44765625 0.3625 0.07109375 0.0453125
0 0.4453125 0.90625 0.06640625 0.05703125
0 0.4375 0.765625 0.04765625 0.05390625
0 0.43984375 0.7265625 0.05234375 0.03828125
0 0.44140625 0.78515625 0.0453125 0.05625
0 0.45078125 0.33828125 0.06015625 0.0421875
0 0.4578125 0.91796875 0.0734375 0.0546875
0 0.44609375 0.628125 0.0453125 0.02734375
0 0.45234375 0.690625 0.04765625 0.06015625
0 0.465625 0.971875 0.071875 0.05078125
0 0.4515625 0.4921875 0.0390625 0.0421875
0 0.4546875 0.53671875 0.04296875 0.03828125
0 0.45 0.56484375 0.028125 0.040625
0 0.46328125 0.43359375 0.0515625 0.03828125
0 0.47578125 0.52734375 0.0703125 0.03515625
0 0.45546875 0.690625 0.0265625 0.04609375
0 0.46796875 0.321875 0.0515625 0.04921875
0 0.47265625 0.29453125 0.0578125 0.040625
0 0.46484375 0.76171875 0.0390625 0.0609375
0 0.4703125 0.4875 0.05 0.02890625
0 0.47578125 0.61640625 0.0546875 0.02890625
0 0.4765625 0.26484375 0.05234375 0.0328125
0 0.48125 0.6625 0.0578125 0.03828125
0 0.48125 0.4484375 0.0546875 0.01875
0 0.48515625 0.31015625 0.0609375 0.021875
0 0.4765625 0.88203125 0.03828125 0.04921875
0 0.4765625 0.73203125 0.0359375 0.0421875
0 0.47734375 0.7 0.03203125 0.028125
0 0.4734375 0.57421875 0.01484375 0.05546875
0 0.49140625 0.7578125 0.04765625 0.04609375
0 0.4953125 0.3671875 0.05 0.03515625
0 0.4921875 0.584375 0.04140625 0.02734375
0 0.49296875 0.61171875 0.03359375 0.04609375
0 0.503125 0.85 0.05390625 0.04609375
0 0.5046875 0.98046875 0.0515625 0.03671875
0 0.4890625 0.56171875 0.01796875 0.03125
0 0.50546875 0.70234375 0.0421875 0.03671875
0 0.5109375 0.64453125 0.05234375 0.0421875
0 0.5015625 0.72265625 0.03203125 0.0421875
0 0.52265625 0.79375 0.07109375 0.03671875
0 0.5109375 0.6140625 0.03828125 0.03515625
0 0.5125 0.39453125 0.0296875 0.03671875
0 0.5296875 0.428125 0.0640625 0.02734375
0 0.52578125 0.484375 0.05390625 0.03828125
0 0.53125 0.9453125 0.0515625 0.0609375
0 0.53203125 0.4953125 0.0484375 0.03515625
0 0.5328125 0.37578125 0.04765625 0.0328125
0 0.5234375 0.75390625 0.01875 0.05390625
0 0.52578125 0.8453125 0.01953125 0.05546875
0 0.5296875 0.70234375 0.021875 0.06953125
0 0.5359375 0.51640625 0.02578125 0.01875
0 0.54765625 0.3578125 0.0484375 0.03671875
0 0.54765625 0.80703125 0.0421875 0.0515625
0 0.55234375 0.87421875 0.0421875 0.075
0 0.559375 0.40078125 0.05234375 0.028125
0 0.5390625 0.69609375 0.00859375 0.06015625
0 0.57578125 0.7515625 0.0734375 0.05234375
0 0.56875 0.8765625 0.05859375 0.05859375
0 0.559375 0.68046875 0.0296875 0.059375
0 0.565625 0.48203125 0.0421875 0.02421875
0 0.5765625 0.52265625 0.05234375 0.040625
0 0.56484375 0.57421875 0.0140625 0.0421875
0 0.5859375 0.44375 0.0359375 0.028125
0 0.609375 0.725 0.065625 0.0140625
0 0.61640625 0.47421875 0.07421875 0.03125
0 0.621875 0.421875 0.071875 0.03515625
0 0.6015625 0.57421875 0.0234375 0.05703125
0 0.609375 0.546875 0.0359375 0.06171875
0 0.61328125 0.3515625 0.0390625 0.04453125
0 0.62109375 0.390625 0.05234375 0.03125
0 0.6296875 0.45234375 0.06875 0.03828125
0 0.6234375 0.31875 0.0484375 0.040625
0 0.6328125 0.50546875 0.0609375 0.03125
0 0.634375 0.4 0.05390625 0.028125
0 0.628125 0.6 0.03359375 0.0171875
0 0.6296875 0.41796875 0.03125 0.05703125
0 0.6453125 0.5375 0.0390625 0.02890625
0 0.65 0.62109375 0.0359375 0.03515625
0 0.65625 0.5078125 0.04609375 0.01953125
0 0.68046875 0.48046875 0.04609375 0.0265625
0 0.7015625 0.38984375 0.0484375 0.05
0 0.70703125 0.409375 0.0546875 0.0421875
0 0.70859375 0.640625 0.0265625 0.06953125
0 0.72265625 0.50859375 0.0546875 0.040625
0 0.72109375 0.38359375 0.04765625 0.0515625
0 0.73203125 0.490625 0.05625 0.03828125
0 0.7375 0.425 0.06015625 0.04609375
0 0.74140625 0.4015625 0.046875 0.0546875
0 0.7515625 0.45078125 0.05859375 0.02890625
0 0.7515625 0.30859375 0.0296875 0.084375
0 0.796875 0.37578125 0.06796875 0.05
0 0.8 0.415625 0.0703125 0.0703125
0 0.80234375 0.3921875 0.06015625 0.04453125
0 0.8296875 0.41640625 0.07265625 0.05390625
0 0.846875 0.44140625 0.0765625 0.0546875