0 0.4796875 0.45703125 0.084375 0.090625
0 0.015625 0.56328125 0.0234375 0.03046875
0 0.0265625 0.6515625 0.0328125 0.02421875
0 0.03046875 0.46015625 0.03359375 0.02265625
0 0.07265625 0.0546875 0.1125 0.096875
0 0.03828125 0.54140625 0.028125 0.01953125
0 0.090625 0.3171875 0.1046875 0.08828125
0 0.06640625 0.37265625 0.0546875 0.02265625
0 0.06796875 0.46328125 0.0359375 0.0859375
0 0.0890625 0.6984375 0.04765625 0.02734375
0 0.10546875 0.71484375 0.04140625 0.040625
0 0.14765625 0.1203125 0.10234375 0.07265625
0 0.19296875 0.4390625 0.0921875 0.10703125
0 0.2421875 0.78828125 0.16875 0.21953125
0 0.17734375 0.33046875 0.03203125 0.0375
0 0.18671875 0.26796875 0.04140625 0.0484375
0 0.18359375 0.2078125 0.0296875 0.03671875
0 0.2 0.15234375 0.0359375 0.02265625
0 0.1984375 0.528125 0.03046875 0.0484375
0 0.24609375 0.584375 0.0265625 0.0671875
0 0.24296875 0.140625 0.00859375 0.0484375
0 0.265625 0.2046875 0.0359375 0.0453125
0 0.26875 0.2359375 0.0265625 0.06484375
0 0.3515625 0.65625 0.1015625 0.065625
0 0.3421875 0.4078125 0.04375 0.053125
0 0.34140625 0.12734375 0.025 0.03046875
0 0.3609375 0.19609375 0.0375 0.040625
0 0.38125 0.7359375 0.0375 0.02890625
0 0.41484375 0.55859375 0.09453125 0.0578125
0 0.3953125 0.7921875 0.0484375 0.065625
0 0.3875 0.60078125 0.0296875 0.03515625
0 0.43359375 0.67734375 0.03125 0.07890625
0 0.4640625 0.94296875 0.0453125 0.02265625
0 0.48359375 0.21953125 0.07734375 0.10859375
0 0.58125 0.96484375 0.059375 0.05
0 0.6546875 0.796875 0.0953125 0.06953125
0 0.65625 0.609375 0.021875 0.0890625
0 0.6703125 0.50546875 0.0265625 0.084375
0 0.740625 0.90078125 0.16328125 0.12734375
0 0.721875 0.69921875 0.0359375 0.02578125
0 0.803125 0.4921875 0.0234375 0.06171875
0 0.8609375 0.9390625 0.1140625 0.0953125
0 0.85 0.8171875 0.065625 0.0640625
0 0.8796875 0.5234375 0.021875 0.07890625
0 0.9234375 0.65546875 0.06875 0.0515625
0 0.9265625 0.81953125 0.0703125 0.034375