0 0.0484375 0.540625 0.09609375 0.10703125
0 0.04921875 0.3796875 0.0984375 0.15078125
0 0.3203125 0.18828125 0.640625 0.3765625
0 0.1640625 0.4046875 0.0953125 0.08203125
0 0.28125 0.7125 0.02421875 0.05234375
0 0.315625 0.77421875 0.03046875 0.04765625
0 0.3578125 0.1453125 0.0359375 0.0640625
0 0.3921875 0.21484375 0.1 0.07890625
0 0.48828125 0.9421875 0.10703125 0.0828125
0 0.65390625 0.71796875 0.06328125 0.0421875
0 0.68359375 0.91796875 0.10390625 0.06796875
0 0.690625 0.04921875 0.02421875 0.03828125
0 0.734375 0.01171875 0.04375 0.0234375
0 0.734375 0.6328125 0.0203125 0.05078125
0 0.96953125 0.84921875 0.0421875 0.046875
0 0.9796875 0.6984375 0.0390625 0.05859375
0 0.9875 0.12265625 0.0234375 0.03125