0 0.03203125 0.046875 0.06328125 0.0734375
0 0.0328125 0.45078125 0.065625 0.10078125
0 0.0921875 0.45078125 0.05390625 0.08203125
0 0.07890625 0.5359375 0.01796875 0.0515625
0 0.40234375 0.73359375 0.65625 0.5296875
0 0.11015625 0.29921875 0.04609375 0.071875
0 0.24140625 0.38203125 0.21484375 0.20078125
0 0.20390625 0.15078125 0.08359375 0.1390625
0 0.68046875 0.4 0.27109375 0.378125
0 0.8046875 0.84609375 0.11171875 0.11953125
0 0.7875 0.91328125 0.02109375 0.05703125
0 0.85859375 0.2046875 0.11875 0.1265625
0 0.88359375 0.946875 0.078125 0.084375
0 0.99296875 0.89765625 0.01171875 0.05859375