0 0.84765625 0.68828125 0.21484375 0.16015625
0 0.02265625 0.3015625 0.0453125 0.0453125
0 0.03515625 0.2109375 0.0703125 0.084375
0 0.10390625 0.065625 0.0453125 0.02265625
0 0.19375 0.32109375 0.18359375 0.0609375
0 0.13984375 0.4296875 0.0375 0.08046875
0 0.15625 0.4171875 0.0125 0.07578125
0 0.19296875 0.26015625 0.08125 0.0453125
0 0.234375 0.234375 0.15390625 0.03828125
0 0.2125 0.51953125 0.096875 0.11328125
0 0.18671875 0.159375 0.04140625 0.02421875
0 0.2484375 0.60859375 0.12734375 0.103125
0 0.20625 0.04609375 0.0359375 0.02265625
0 0.20078125 0.42421875 0.0171875 0.08359375
0 0.3 0.1375 0.06640625 0.05
0 0.35703125 0.10859375 0.1125 0.046875
0 0.3734375 0.60078125 0.11328125 0.02578125
0 0.43125 0.50703125 0.14296875 0.0375
0 0.50390625 0.11640625 0.10703125 0.04765625
0 0.52734375 0.0265625 0.1359375 0.0203125
0 0.603125 0.14609375 0.06953125 0.053125
0 0.621875 0.04609375 0.0671875 0.02265625
0 0.640625 0.06953125 0.05703125 0.03046875
0 0.63984375 0.2296875 0.04765625 0.0828125
0 0.809375 0.8921875 0.2265625 0.1875
0 0.8640625 0.2828125 0.06171875 0.0625
0 0.91484375 0.4046875 0.090625 0.12265625
0 0.9828125 0.525 0.0328125 0.0703125