0 0.27421875 0.7484375 0.22109375 0.16796875
0 0.04609375 0.60859375 0.09140625 0.0609375
0 0.0984375 0.76484375 0.196875 0.1265625
0 0.15703125 0.88125 0.16171875 0.0796875
0 0.165625 0.640625 0.1109375 0.0734375
0 0.16640625 0.56015625 0.1046875 0.04609375
0 0.30234375 0.51953125 0.1109375 0.0546875
0 0.434375 0.2890625 0.26171875 0.146875
0 0.38515625 0.7828125 0.1546875 0.0859375
0 0.70859375 0.9265625 0.35546875 0.1453125
0 0.6828125 0.7703125 0.2296875 0.09765625
0 0.66171875 0.671875 0.12578125 0.08515625
0 0.8125 0.7109375 0.14296875 0.0546875
0 0.85390625 0.92578125 0.13671875 0.05
0 0.9234375 0.415625 0.1515625 0.0453125
0 0.93359375 0.365625 0.09296875 0.0484375
0 0.96484375 0.7828125 0.06171875 0.0546875