0 0.01328125 0.2828125 0.0265625 0.0546875
0 0.075 0.07265625 0.11484375 0.1453125
0 0.071875 0.5625 0.04375 0.03828125
0 0.1078125 0.9484375 0.0546875 0.1
0 0.38359375 0.4015625 0.55 0.36640625
0 0.1390625 0.88671875 0.02109375 0.06328125
0 0.1765625 0.5796875 0.0421875 0.046875
0 0.18203125 0.6375 0.04609375 0.0515625
0 0.1828125 0.22109375 0.03359375 0.05859375
0 0.31640625 0.125 0.0453125 0.0265625
0 0.3390625 0.9796875 0.02890625 0.03671875
0 0.3515625 0.6 0.02890625 0.03984375
0 0.38203125 0.7390625 0.08359375 0.0546875
0 0.421875 0.65859375 0.0859375 0.06640625
0 0.415625 0.91484375 0.07109375 0.08984375
0 0.4296875 0.978125 0.09140625 0.03984375
0 0.4609375 0.590625 0.0484375 0.03828125
0 0.5453125 0.88203125 0.1421875 0.1296875
0 0.546875 0.1203125 0.04609375 0.2203125
0 0.60546875 0.628125 0.0234375 0.06015625
0 0.6203125 0.684375 0.04609375 0.06484375
0 0.6671875 0.89453125 0.075 0.075