0 0.6453125 0.559375 0.5828125 0.3625
0 0.26015625 0.3984375 0.0171875 0.0203125
0 0.296875 0.4 0.028125 0.01640625
0 0.33515625 0.3796875 0.0265625 0.02109375
0 0.3484375 0.47734375 0.00859375 0.01640625
0 0.3890625 0.42578125 0.015625 0.02578125
0 0.41328125 0.7140625 0.04453125 0.034375
0 0.4125 0.4359375 0.0140625 0.0171875
0 0.42265625 0.415625 0.02109375 0.0171875
0 0.56796875 0.3984375 0.0203125 0.0171875
0 0.58359375 0.3515625 0.01328125 0.02265625
0 0.62578125 0.3828125 0.01796875 0.01484375
0 0.753125 0.3015625 0.01796875 0.015625
0 0.78125 0.11875 0.01796875 0.01953125
0 0.82109375 0.12265625 0.0234375 0.02421875
0 0.87421875 0.446875 0.0171875 0.01640625
0 0.90390625 0.33515625 0.03125 0.01640625
0 0.9 0.26015625 0.0203125 0.01796875
0 0.95 0.44609375 0.0203125 0.01484375
0 0.98125 0.1921875 0.021875 0.01796875
0 0.98125 0.421875 0.0140625 0.01796875