0 0.078125 0.66640625 0.04453125 0.090625
0 0.1 0.83515625 0.07421875 0.03359375
0 0.17265625 0.60234375 0.08203125 0.03046875
0 0.196875 0.171875 0.12265625 0.04375
0 0.18125 0.09765625 0.0484375 0.09921875
0 0.215625 0.78984375 0.08203125 0.046875
0 0.2421875 0.675 0.05234375 0.09375
0 0.24609375 0.29921875 0.04453125 0.04375
0 0.2875 0.14921875 0.0953125 0.096875
0 0.33671875 0.76484375 0.065625 0.10078125
0 0.81953125 0.76484375 0.17109375 0.06953125
0 0.821875 0.30546875 0.14296875 0.084375
0 0.8609375 0.51484375 0.16015625 0.246875
0 0.95234375 0.38828125 0.09453125 0.04140625
0 0.965625 0.646875 0.0671875 0.08359375