0 0.20859375 0.16796875 0.03515625 0.02109375
0 0.2796875 0.38359375 0.1 0.07890625
0 0.428125 0.30546875 0.05 0.059375
0 0.44296875 0.3015625 0.0671875 0.053125
0 0.43984375 0.221875 0.03359375 0.053125
0 0.44609375 0.265625 0.0453125 0.0359375
0 0.51796875 0.2328125 0.07734375 0.1203125
0 0.5359375 0.14296875 0.01484375 0.0453125
0 0.60859375 0.31171875 0.04609375 0.04140625
0 0.70859375 0.30078125 0.078125 0.0375
0 0.7765625 0.165625 0.0765625 0.065625
0 0.78359375 0.23984375 0.06875 0.04296875