0 0.61484375 0.81875 0.24765625 0.14765625
0 0.02265625 0.61328125 0.0453125 0.08046875
0 0.02578125 0.72578125 0.0515625 0.0734375
0 0.03515625 0.509375 0.06953125 0.0921875
0 0.06171875 0.640625 0.0734375 0.08515625
0 0.0953125 0.5421875 0.0640625 0.08828125
0 0.54765625 0.46171875 0.90390625 0.53828125
0 0.128125 0.6125 0.0390625 0.07890625
0 0.15 0.6234375 0.0734375 0.0671875
0 0.35 0.26953125 0.0859375 0.084375
0 0.7140625 0.7703125 0.04609375 0.05625
0 0.82421875 0.77265625 0.1171875 0.065625