0 0.20390625 0.45234375 0.065625 0.228125
0 0.24140625 0.50546875 0.0734375 0.3640625
0 0.2421875 0.28125 0.0515625 0.3046875
0 0.278125 0.6390625 0.04296875 0.3109375
0 0.3546875 0.90859375 0.1953125 0.0390625
0 0.33984375 0.90390625 0.1484375 0.05
0 0.29296875 0.20546875 0.04140625 0.159375
0 0.38515625 0.9 0.19921875 0.04609375
0 0.3296875 0.303125 0.0765625 0.33046875
0 0.3234375 0.66796875 0.05234375 0.2984375
0 0.39140625 0.93125 0.1828125 0.0703125
0 0.35234375 0.49375 0.06796875 0.3328125
0 0.3375 0.71171875 0.02734375 0.14921875
0 0.378125 0.72734375 0.03125 0.20546875
0 0.4109375 0.509375 0.05703125 0.34296875
0 0.4296875 0.21796875 0.07109375 0.26328125
0 0.4515625 0.66953125 0.07109375 0.13046875
0 0.46328125 0.49375 0.0765625 0.31171875
0 0.50078125 0.2546875 0.07109375 0.3140625
0 0.5234375 0.509375 0.05703125 0.3671875
0 0.5515625 0.22265625 0.0625 0.209375