0 0.51953125 0.4296875 0.1734375 0.08984375
0 0.69296875 0.12578125 0.07734375 0.03046875
0 0.725 0.16015625 0.0640625 0.02578125
0 0.73515625 0.18984375 0.059375 0.02890625
0 0.7453125 0.20390625 0.06328125 0.04140625
0 0.77421875 0.2453125 0.0515625 0.02421875
0 0.7765625 0.2296875 0.05703125 0.01953125
0 0.7953125 0.28125 0.04140625 0.01953125
0 0.80703125 0.2515625 0.06328125 0.03359375
0 0.809375 0.353125 0.0671875 0.02578125
0 0.83203125 0.3078125 0.059375 0.0453125
0 0.83203125 0.41640625 0.05703125 0.02734375
0 0.83515625 0.28125 0.04609375 0.02890625
0 0.8359375 0.371875 0.0484375 0.0390625
0 0.8625 0.37890625 0.059375 0.021875
0 0.87109375 0.478125 0.03359375 0.00703125
0 0.8796875 0.35078125 0.04765625 0.02109375
0 0.88671875 0.3140625 0.06171875 0.0328125
0 0.8796875 0.41796875 0.0328125 0.02421875
0 0.890625 0.3828125 0.05546875 0.01484375
0 0.8859375 0.46484375 0.04296875 0.00859375
0 0.8953125 0.2703125 0.0625 0.0328125
0 0.89765625 0.4171875 0.04765625 0.02265625
0 0.90859375 0.43828125 0.04375 0.02265625
0 0.94453125 0.3546875 0.0640625 0.01796875