0 0.6546875 0.6546875 0.13515625 0.07578125
0 0.0703125 0.525 0.04375 0.01796875
0 0.1203125 0.50078125 0.03671875 0.025
0 0.325 0.5484375 0.034375 0.025
0 0.340625 0.63515625 0.028125 0.02578125
0 0.44375 0.578125 0.046875 0.01796875
0 0.52109375 0.6140625 0.034375 0.021875
0 0.70078125 0.34609375 0.01875 0.015625
0 0.73203125 0.63828125 0.04375 0.0171875
0 0.753125 0.36484375 0.04140625 0.01796875
0 0.8046875 0.58046875 0.05390625 0.0171875
0 0.815625 0.42421875 0.059375 0.0234375
0 0.90078125 0.56796875 0.05234375 0.03359375
0 0.9640625 0.62734375 0.0640625 0.01796875
0 0.9890625 0.55703125 0.01875 0.01015625