0 0.1140625 0.65859375 0.228125 0.340625
0 0.20625 0.6734375 0.30234375 0.3015625
0 0.2703125 0.746875 0.21796875 0.171875
0 0.2359375 0.88828125 0.1203125 0.153125
0 0.3265625 0.9109375 0.20546875 0.153125
0 0.3796875 0.60078125 0.17109375 0.1890625
0 0.5015625 0.89921875 0.2421875 0.2
0 0.484375 0.759375 0.1953125 0.17109375
0 0.52265625 0.6359375 0.25546875 0.17265625
0 0.6625 0.7265625 0.253125 0.246875
0 0.7609375 0.8171875 0.28046875 0.1921875
0 0.7609375 0.59140625 0.1953125 0.08359375
0 0.79375 0.66171875 0.1734375 0.13046875
0 0.915625 0.7328125 0.16796875 0.4375
0 0.88359375 0.57421875 0.08359375 0.1171875