0 0.03046875 0.1125 0.0609375 0.03515625
0 0.04296875 0.05859375 0.0859375 0.04453125
0 0.49921875 0.49921875 0.9984375 0.9984375
0 0.07265625 0.33359375 0.14140625 0.0546875
0 0.02578125 0.1828125 0.0421875 0.0640625
0 0.05703125 0.01015625 0.071875 0.01953125
0 0.22578125 0.234375 0.20859375 0.075
0 0.2265625 0.74609375 0.1546875 0.1234375
0 0.32109375 0.61328125 0.1671875 0.06953125
0 0.3046875 0.0296875 0.125 0.059375
0 0.45 0.45390625 0.2921875 0.115625
0 0.43984375 0.94765625 0.2515625 0.07734375
0 0.48046875 0.11015625 0.20625 0.0734375
0 0.45390625 0.6765625 0.0984375 0.1375
0 0.5046875 0.2625 0.15625 0.05859375
0 0.57265625 0.79140625 0.2140625 0.103125
0 0.553125 0.54140625 0.16953125 0.05546875
0 0.5859375 0.653125 0.1671875 0.15234375
0 0.58125 0.19375 0.1515625 0.071875
0 0.646875 0.2546875 0.13046875 0.0921875
0 0.7 0.38359375 0.234375 0.059375
0 0.6859375 0.48203125 0.1765625 0.06015625
0 0.7578125 0.828125 0.2453125 0.13203125
0 0.83515625 0.7109375 0.3078125 0.08671875
0 0.765625 0.4390625 0.11484375 0.06015625
0 0.871875 0.86484375 0.2171875 0.26796875
0 0.89765625 0.4765625 0.203125 0.328125
0 0.909375 0.06328125 0.1796875 0.109375
0 0.93125 0.2 0.1359375 0.0703125
0 0.9203125 0.015625 0.09609375 0.03125