0 0.70078125 0.9703125 0.13359375 0.05703125
0 0.7015625 0.8015625 0.034375 0.08203125
0 0.709375 0.89375 0.01484375 0.05859375
0 0.73359375 0.96015625 0.02265625 0.0765625
0 0.73515625 0.546875 0.01171875 0.02109375
0 0.76796875 0.8703125 0.046875 0.05859375
0 0.7703125 0.7828125 0.02109375 0.03671875
0 0.78828125 0.5609375 0.03046875 0.015625
0 0.79375 0.62890625 0.03828125 0.0390625
0 0.79609375 0.49140625 0.01875 0.02734375
0 0.8078125 0.9046875 0.03515625 0.015625
0 0.809375 0.78828125 0.0234375 0.0375
0 0.8171875 0.9625 0.03828125 0.02890625
0 0.8265625 0.8890625 0.034375 0.021875
0 0.8484375 0.415625 0.03984375 0.01171875
0 0.85078125 0.81796875 0.04609375 0.01328125
0 0.8625 0.590625 0.03671875 0.0140625
0 0.88515625 0.54921875 0.0625 0.0390625
0 0.87421875 0.92265625 0.0296875 0.0796875
0 0.896875 0.8578125 0.053125 0.0296875
0 0.934375 0.96171875 0.04765625 0.040625
0 0.92265625 0.334375 0.0203125 0.009375
0 0.95078125 0.37734375 0.0203125 0.04453125
0 0.96875 0.1421875 0.015625 0.04921875
0 0.9796875 0.8796875 0.03828125 0.040625
0 0.98359375 0.178125 0.0265625 0.05234375