0 0.19609375 0.41875 0.0359375 0.03984375
0 0.2390625 0.25546875 0.06875 0.06640625
0 0.365625 0.04296875 0.0453125 0.04140625
0 0.44296875 0.2265625 0.0640625 0.06015625
0 0.4671875 0.4171875 0.03125 0.05078125
0 0.55703125 0.25234375 0.04296875 0.0515625
0 0.55859375 0.696875 0.0203125 0.03984375
0 0.615625 0.0265625 0.0265625 0.05234375
0 0.62890625 0.1015625 0.0203125 0.05390625
0 0.73359375 0.6640625 0.034375 0.03359375
0 0.7875 0.84375 0.0296875 0.0375
0 0.871875 0.5828125 0.0515625 0.03984375
0 0.8953125 0.29296875 0.02578125 0.06484375