0 0.475 0.621875 0.39609375 0.17734375
0 0.06171875 0.05234375 0.1234375 0.1046875
0 0.2109375 0.725 0.421875 0.17421875
0 0.1484375 0.4390625 0.1484375 0.14140625
0 0.31484375 0.496875 0.3265625 0.1296875
0 0.44453125 0.85546875 0.32890625 0.28828125
0 0.7390625 0.8578125 0.509375 0.24921875
0 0.746875 0.83046875 0.34765625 0.22890625
0 0.81484375 0.61796875 0.24453125 0.1859375
0 0.884375 0.45390625 0.2296875 0.121875
0 0.896875 0.56171875 0.2046875 0.09765625
0 0.93671875 0.36015625 0.12421875 0.1140625
0 0.971875 0.1890625 0.0546875 0.09375