0 0.02421875 0.334375 0.046875 0.046875
0 0.04765625 0.31015625 0.0609375 0.03984375
0 0.1109375 0.384375 0.06640625 0.04296875
0 0.12890625 0.34921875 0.08515625 0.0421875
0 0.3703125 0.64296875 0.47109375 0.3375
0 0.1921875 0.37109375 0.075 0.040625
0 0.20703125 0.3546875 0.0734375 0.0359375
0 0.3390625 0.384375 0.04765625 0.02734375
0 0.38828125 0.40546875 0.0515625 0.034375
0 0.440625 0.40703125 0.06328125 0.03046875
0 0.453125 0.3453125 0.0671875 0.0171875
0 0.46328125 0.36640625 0.0859375 0.046875
0 0.5359375 0.40078125 0.07109375 0.04453125
0 0.57734375 0.3953125 0.0765625 0.0484375
0 0.62109375 0.40234375 0.0671875 0.0484375
0 0.66484375 0.384375 0.07734375 0.04296875
0 0.665625 0.4515625 0.06875 0.0359375
0 0.70859375 0.39921875 0.05390625 0.0328125
0 0.73046875 0.37421875 0.096875 0.059375
0 0.746875 0.43671875 0.07109375 0.0546875
0 0.76640625 0.41015625 0.0734375 0.03671875
0 0.81171875 0.40859375 0.05546875 0.046875
0 0.8734375 0.40234375 0.084375 0.0484375
0 0.95390625 0.43984375 0.08828125 0.03828125