0 0.55625 0.5828125 0.0984375 0.11328125
0 0.38828125 0.39921875 0.08046875 0.0484375
0 0.37734375 0.14609375 0.04765625 0.03046875
0 0.3859375 0.1828125 0.046875 0.02578125
0 0.44609375 0.390625 0.0453125 0.03203125
0 0.45234375 0.44296875 0.04765625 0.0296875
0 0.4734375 0.1640625 0.07109375 0.04296875
0 0.465625 0.215625 0.053125 0.02734375
0 0.49140625 0.25390625 0.06171875 0.0328125
0 0.51796875 0.10078125 0.06875 0.02890625
0 0.5328125 0.32734375 0.0921875 0.05546875
0 0.5328125 0.1390625 0.0484375 0.0453125
0 0.53671875 0.365625 0.0484375 0.01796875
0 0.59453125 0.196875 0.05234375 0.02578125
0 0.59453125 0.428125 0.0375 0.0390625
0 0.596875 0.25390625 0.03984375 0.0328125
0 0.61953125 0.8234375 0.0640625 0.04140625
0 0.621875 0.534375 0.05546875 0.084375
0 0.6390625 0.29140625 0.0796875 0.053125
0 0.6265625 0.23046875 0.03515625 0.0453125
0 0.6390625 0.59609375 0.059375 0.04140625
0 0.6671875 0.12265625 0.0515625 0.0359375
0 0.6890625 0.6109375 0.06875 0.07890625
0 0.7015625 0.43828125 0.0765625 0.05
0 0.696875 0.6640625 0.04921875 0.090625
0 0.69921875 0.52578125 0.021875 0.07890625
0 0.72421875 0.3296875 0.0515625 0.0359375
0 0.7359375 0.23359375 0.075 0.06328125
0 0.71328125 0.24453125 0.01953125 0.0171875
0 0.73125 0.40625 0.0171875 0.02109375
0 0.75859375 0.42109375 0.05078125 0.03984375
0 0.83359375 0.5625 0.1046875 0.05703125
0 0.834375 0.26796875 0.065625 0.0484375
0 0.82578125 0.440625 0.03984375 0.06171875
0 0.87109375 0.74140625 0.075 0.07734375
0 0.88515625 0.5421875 0.08359375 0.07265625
0 0.9625 0.8828125 0.0734375 0.1046875
0 0.97421875 0.728125 0.05078125 0.03828125